0 0.500000 0.808067 1.000000 0.383865
4 0.076130 0.308067 0.152260 0.616134
4 0.160904 0.256206 0.030585 0.512411
4 0.238032 0.269504 0.025266 0.450355
4 0.202460 0.420213 0.060505 0.147163
4 0.261636 0.299645 0.047207 0.365248
4 0.290559 0.299202 0.017287 0.355496
4 0.314827 0.339096 0.011303 0.275709
4 0.321144 0.344858 0.009309 0.253546
4 0.335771 0.361702 0.010638 0.218085
4 0.455452 0.347074 0.009309 0.240248
4 0.488697 0.345745 0.061170 0.248227
4 0.538896 0.246011 0.047207 0.490248
4 0.640625 0.250000 0.170878 0.492908
5 0.860372 0.408688 0.279255 0.170213
6 0.397606 0.460106 0.009309 0.008865
6 0.435173 0.457447 0.015293 0.014184