0 0.500000 0.862145 1.000000 0.275709
2 0.210106 0.390071 0.236702 0.659574
3 0.968085 0.554078 0.063830 0.345745
3 0.029255 0.557181 0.058510 0.089539
1 0.437500 0.489362 0.128989 0.132979
8 0.683843 0.261525 0.253324 0.475177
8 0.041888 0.440603 0.038564 0.065603
8 0.014295 0.442819 0.019282 0.062943
7 0.436835 0.253546 0.069149 0.335106
6 0.838763 0.494681 0.055186 0.067376
6 0.886303 0.488032 0.039894 0.045213
4 0.538564 0.260195 0.058511 0.520390
4 0.487699 0.255319 0.056516 0.510638
4 0.356715 0.249113 0.204122 0.498226
5 0.061170 0.433954 0.122340 0.121454