0 0.500000 0.899823 1.000000 0.200354
1 0.324136 0.601950 0.378324 0.377660
3 0.594415 0.513298 0.256649 0.136525
4 0.460106 0.271277 0.511968 0.542553
4 0.054521 0.391401 0.105053 0.222518
5 0.186170 0.445922 0.077128 0.147163
5 0.122008 0.471188 0.028590 0.068262
5 0.005652 0.481383 0.011303 0.088652
9 0.169215 0.464982 0.049867 0.070035
9 0.200465 0.464096 0.025931 0.068262
10 0.192624 0.448738 0.032462 0.074572
8 0.907247 0.332890 0.184176 0.323582
6 0.898230 0.469097 0.153007 0.081311
6 0.837817 0.472199 0.075694 0.087516
6 0.760959 0.448947 0.093028 0.059018