0 0.500000 0.792110 1.000000 0.415780
4 0.028590 0.276596 0.057180 0.553191
4 0.228059 0.275266 0.351064 0.550532
4 0.510306 0.386968 0.027261 0.250887
4 0.876330 0.299645 0.061170 0.359929
4 0.784242 0.278812 0.133644 0.449468
4 0.631316 0.403369 0.021941 0.166667
3 0.891622 0.514628 0.174202 0.135638
3 0.453457 0.488032 0.136968 0.117908
2 0.577128 0.448138 0.105053 0.234929
1 0.746676 0.485816 0.075798 0.085106
8 0.950133 0.325355 0.099734 0.367021
8 0.451130 0.375443 0.095080 0.217199
8 0.677194 0.400709 0.069814 0.164894
5 0.578125 0.441933 0.109707 0.098404
7 0.837101 0.324468 0.027926 0.319149