0 0.500000 0.890625 1.000000 0.218750
4 0.221191 0.389974 0.442382 0.779948
4 0.449219 0.252604 0.015625 0.505208
4 0.521973 0.246745 0.022461 0.477865
4 0.487305 0.412109 0.056641 0.136719
4 0.546875 0.285807 0.031250 0.373698
4 0.564941 0.284505 0.016602 0.368490
4 0.589634 0.317057 0.009347 0.290365
4 0.595006 0.325986 0.009766 0.278088
4 0.610352 0.350632 0.006975 0.217634
4 0.739049 0.329241 0.010463 0.258557
4 0.777414 0.329241 0.069057 0.264137
4 0.870536 0.248791 0.075335 0.497582
4 0.951800 0.250186 0.088588 0.500372
6 0.682254 0.442578 0.033592 0.020724
6 0.707302 0.443257 0.016505 0.023084
6 0.720431 0.438467 0.027758 0.012504