0 0.159668 0.858073 0.319336 0.283854
1 0.019043 0.688151 0.038086 0.069010
3 0.660645 0.615885 0.678710 0.768229
3 0.192383 0.529948 0.259766 0.148438
4 0.874512 0.268880 0.250976 0.537760
4 0.172852 0.284505 0.345703 0.569010
2 0.671875 0.421875 0.191406 0.315104
4 0.643555 0.239583 0.031250 0.065104
8 0.538574 0.352865 0.151367 0.276042
8 0.707520 0.248698 0.092773 0.039063
6 0.497559 0.489583 0.026367 0.031250
6 0.363770 0.505859 0.032227 0.035156
6 0.479980 0.503255 0.026367 0.032552
6 0.571289 0.490885 0.029297 0.039063