0 0.731051 0.750887 0.537898 0.498226
3 0.229721 0.632535 0.459441 0.734929
4 0.085106 0.289450 0.170212 0.578900
4 0.827793 0.267730 0.042553 0.427305
8 0.692487 0.289894 0.234707 0.400709
6 0.188830 0.505319 0.022606 0.042553
6 0.477061 0.484043 0.032580 0.033688
6 0.400931 0.498670 0.042553 0.046986
5 0.373338 0.407801 0.410239 0.171986
11 0.472074 0.432181 0.010638 0.038121
6 0.389628 0.465426 0.023936 0.017730
6 0.442819 0.462766 0.018617 0.014184
6 0.468750 0.458333 0.019947 0.014184
5 0.923537 0.385638 0.152926 0.164894