0 0.682129 0.789063 0.635742 0.421874
2 0.181152 0.500000 0.362304 1.000000
3 0.397949 0.511068 0.110352 0.113281
8 0.992188 0.250651 0.015624 0.501302
4 0.564453 0.328125 0.089844 0.309896
4 0.676270 0.322266 0.137695 0.326823
6 0.548275 0.467179 0.104361 0.107309
6 0.594727 0.474967 0.033203 0.047463
6 0.718262 0.489583 0.020508 0.041667
6 0.487775 0.471724 0.081017 0.079989
4 0.491211 0.406250 0.054688 0.127604
8 0.361816 0.265625 0.051758 0.414063
8 0.861816 0.386068 0.083008 0.095052
1 0.799805 0.488932 0.187500 0.175781
6 0.664337 0.437581 0.127763 0.048114