0 0.500000 0.882535 1.000000 0.234929
3 0.639628 0.547429 0.339096 0.431738
4 0.088431 0.296099 0.176862 0.592198
4 0.985705 0.340426 0.028590 0.250000
4 0.691157 0.311613 0.041888 0.371454
6 0.296372 0.488088 0.121352 0.084108
6 0.348104 0.484512 0.113633 0.071755
6 0.265957 0.503989 0.031915 0.032801
6 0.204439 0.491427 0.064464 0.093387
5 0.316489 0.424202 0.296543 0.151596
5 0.847074 0.410018 0.275266 0.139184
8 0.570146 0.323138 0.209441 0.344858
8 0.862035 0.420213 0.040559 0.074468
8 0.923537 0.415337 0.022606 0.077128
8 0.822141 0.418883 0.036569 0.071809
8 0.190160 0.425532 0.031915 0.079787
8 0.401263 0.427305 0.043218 0.088652
11 0.326463 0.432624 0.007979 0.051418