0 0.429189 0.794668 0.858378 0.410663
4 0.200024 0.294359 0.400048 0.588716
3 0.927859 0.558067 0.144282 0.717199
3 0.704122 0.413121 0.046543 0.113475
3 0.655918 0.407358 0.016622 0.091312
8 0.863032 0.280142 0.272606 0.430851
5 0.569814 0.412234 0.351064 0.170213
11 0.581782 0.411348 0.011968 0.053191
11 0.565160 0.427305 0.006649 0.017730
6 0.609556 0.470947 0.104027 0.075835
6 0.551817 0.475912 0.125090 0.101368
6 0.511990 0.485902 0.027882 0.045927
6 0.443240 0.451557 0.091027 0.051396
6 0.608808 0.462393 0.011611 0.009908
6 0.604164 0.454034 0.047836 0.016719
6 0.550058 0.464870 0.013933 0.012385