0 0.500000 0.835938 1.000000 0.328124
4 0.012695 0.400391 0.025390 0.548177
4 0.592773 0.279297 0.130859 0.558594
4 0.916016 0.264974 0.167968 0.516927
4 0.688477 0.328125 0.025391 0.333333
4 0.706543 0.379557 0.028320 0.222656
4 0.418945 0.382813 0.226563 0.307292
4 0.226074 0.347005 0.098633 0.269531
4 0.292969 0.350260 0.041016 0.265625
3 0.426270 0.500651 0.106445 0.087240
3 0.664551 0.483073 0.034180 0.041667
8 0.771484 0.391927 0.117188 0.203125
1 0.703613 0.479818 0.047852 0.055990
5 0.131348 0.456380 0.092773 0.095052
6 0.813477 0.486328 0.023438 0.022135
7 0.660156 0.371094 0.039063 0.208333
5 0.201560 0.532510 0.366710 0.118336