0 0.500332 0.814273 0.999335 0.371454
6 0.921594 0.528601 0.147710 0.196344
6 0.974734 0.535904 0.050532 0.078901
6 0.554688 0.466337 0.101287 0.074417
6 0.555070 0.477573 0.026364 0.032444
6 0.615854 0.465008 0.033571 0.071758
6 0.471548 0.462673 0.060117 0.042740
6 0.495447 0.463387 0.018821 0.043084
6 0.516955 0.525709 0.001995 0.000000
11 0.740359 0.265514 0.039229 0.531028
11 0.695479 0.263298 0.037234 0.523050
11 0.544215 0.431738 0.021941 0.111702
11 0.479721 0.427748 0.013963 0.100177
11 0.010306 0.375000 0.020612 0.265957
11 0.348737 0.444592 0.007314 0.043440
11 0.356383 0.440160 0.009309 0.039894
8 0.812500 0.292110 0.371011 0.437057
8 0.553191 0.364362 0.103723 0.214539
8 0.307181 0.408245 0.067819 0.126773
8 0.081449 0.402926 0.138963 0.172872
5 0.373338 0.440160 0.161569 0.071809
5 0.531582 0.277926 0.169548 0.387411
5 0.069149 0.203901 0.138298 0.235816
11 0.208112 0.435284 0.009309 0.079787