0 0.500000 0.893880 1.000000 0.212240
2 0.959961 0.407552 0.080078 0.361979
2 0.241211 0.600911 0.382813 0.376302
3 0.503906 0.507813 0.214844 0.138021
8 0.957031 0.341797 0.085938 0.274740
8 0.782715 0.339193 0.190430 0.305990
4 0.887207 0.322917 0.051758 0.333333
4 0.345215 0.282552 0.506836 0.565104
5 0.050293 0.452474 0.083008 0.134115
6 0.766474 0.466518 0.140880 0.077380
6 0.711311 0.472376 0.069566 0.083894
9 0.025391 0.463976 0.050781 0.072049
9 0.059245 0.464844 0.029948 0.068576
10 0.063477 0.437934 0.057943 0.105035
6 0.637516 0.454486 0.078023 0.050715