0 0.500000 0.789007 1.000000 0.421986
2 0.975399 0.400266 0.049202 0.355496
3 0.813165 0.463209 0.199468 0.153369
4 0.518617 0.266844 0.422872 0.533688
4 0.295545 0.269060 0.068484 0.529255
4 0.199136 0.253103 0.047207 0.506206
4 0.844747 0.327128 0.037899 0.267730
8 0.776596 0.336436 0.103723 0.245567
8 0.883976 0.415780 0.036569 0.060284
8 0.102726 0.425089 0.056516 0.101950
5 0.095745 0.430851 0.191489 0.152482
5 0.913231 0.410018 0.096410 0.101950
6 0.032580 0.515514 0.035904 0.039894
6 0.152261 0.505319 0.030585 0.031915
6 0.079787 0.503103 0.027926 0.032801