0 0.671875 0.743794 0.656250 0.512411
3 0.170878 0.598404 0.341755 0.618794
4 0.040891 0.285904 0.081782 0.571808
4 0.722074 0.276152 0.042553 0.415780
4 0.470745 0.407801 0.026596 0.104610
6 0.348060 0.469145 0.105743 0.067029
6 0.298700 0.475824 0.067492 0.085588
6 0.112280 0.484808 0.055675 0.085350
5 0.342753 0.402482 0.299867 0.164894
5 0.871343 0.385195 0.251995 0.144504
8 0.594082 0.297872 0.221410 0.372340
11 0.388630 0.433511 0.011303 0.035461
6 0.370552 0.442116 0.058111 0.016797
6 0.347186 0.458100 0.034135 0.016255