0 0.500332 0.816046 0.999335 0.367908
5 0.208112 0.316046 0.416223 0.630319
5 0.828457 0.290780 0.143617 0.331560
5 0.673205 0.427748 0.162899 0.055851
6 0.484383 0.475069 0.120330 0.117236
6 0.548517 0.457403 0.105092 0.056825
6 0.545213 0.468528 0.021277 0.025709
6 0.925522 0.444628 0.090404 0.050461
6 0.983166 0.445071 0.024358 0.051347
6 0.909574 0.453457 0.019947 0.020390
6 0.800019 0.442999 0.061474 0.032441
6 0.826993 0.443885 0.017016 0.034214
6 0.809925 0.446766 0.012139 0.019590
6 0.494016 0.482270 0.018617 0.019504
11 0.453790 0.396720 0.025931 0.213652
11 0.891290 0.352394 0.015293 0.194149
11 0.877660 0.363475 0.022606 0.193262
11 0.781582 0.382092 0.009973 0.140071
11 0.544548 0.411791 0.009309 0.082447
11 0.471410 0.412234 0.013298 0.122340
8 0.852394 0.372340 0.034574 0.163121
8 0.595745 0.399379 0.050532 0.096631
8 0.726064 0.421986 0.026596 0.033688
8 0.506649 0.389628 0.025266 0.085993
8 0.457779 0.392730 0.051197 0.101064