0 0.500000 0.800532 1.000000 0.398936
4 0.950798 0.299202 0.098404 0.598404
4 0.106051 0.273493 0.212101 0.546986
4 0.690492 0.303191 0.057846 0.374113
4 0.598072 0.271277 0.141622 0.445035
4 0.324801 0.375443 0.035239 0.256206
4 0.448803 0.385638 0.023936 0.166667
8 0.808178 0.301862 0.188165 0.375000
8 0.496676 0.386968 0.086436 0.167553
8 0.259309 0.355496 0.111702 0.230496
3 0.731383 0.496011 0.166223 0.146277
3 0.265293 0.476507 0.156915 0.126773
2 0.400266 0.433511 0.111702 0.255319
1 0.573138 0.471188 0.082447 0.091312
7 0.653258 0.321809 0.035239 0.338652
5 0.347074 0.421543 0.017287 0.101950
6 0.881098 0.470867 0.042683 0.069106