0 0.499512 0.784135 0.995774 0.431730
4 0.181079 0.248375 0.044863 0.496749
4 0.285436 0.263979 0.078023 0.527958
4 0.515117 0.269181 0.396944 0.527958
4 0.817458 0.325748 0.032185 0.240572
5 0.884753 0.413524 0.098505 0.065020
8 0.760891 0.333550 0.112159 0.235371
3 0.794051 0.458388 0.188231 0.133940
2 0.963589 0.399220 0.072822 0.335501
6 0.023570 0.483745 0.041938 0.083225
6 0.099155 0.475293 0.109233 0.066320
6 0.062094 0.490247 0.027308 0.031209
6 0.015442 0.466190 0.030884 0.053316
8 0.073797 0.410273 0.058518 0.071521
8 0.026983 0.406372 0.029259 0.079324
5 0.092003 0.422627 0.184005 0.169051