0 0.500000 0.861328 1.000000 0.277344
1 0.468750 0.559896 0.310547 0.322917
3 0.703125 0.500651 0.228516 0.136719
6 0.945016 0.464664 0.051373 0.091505
4 0.568848 0.270833 0.475586 0.541666
4 0.169434 0.381510 0.088867 0.216146
5 0.064941 0.455078 0.129882 0.108073
5 0.302734 0.430990 0.080078 0.140625
5 0.229004 0.458333 0.036133 0.067708
8 0.951660 0.399089 0.096680 0.162760
9 0.304800 0.450220 0.019156 0.059095
9 0.296349 0.451472 0.014273 0.056591
10 0.314941 0.428435 0.042443 0.096655
6 0.864643 0.446312 0.113552 0.052944
6 0.974015 0.439811 0.049461 0.039941