0 0.500000 0.865234 1.000000 0.269531
8 0.212402 0.332682 0.424804 0.665364
4 0.458984 0.363281 0.064453 0.723958
4 0.549316 0.372396 0.012695 0.213542
4 0.587402 0.365234 0.069336 0.240885
4 0.709961 0.249349 0.083984 0.498698
4 0.835938 0.250000 0.166016 0.500000
5 0.959473 0.411458 0.081054 0.177083
6 0.530600 0.467534 0.028854 0.017210
6 0.522197 0.470878 0.007654 0.011227
6 0.513256 0.467887 0.009171 0.017915
6 0.495052 0.469813 0.026738 0.021101
6 0.670292 0.471893 0.010439 0.012572
6 0.641659 0.461579 0.034948 0.028175