0 0.500000 0.818706 1.000000 0.362588
4 0.746343 0.320035 0.507314 0.634752
4 0.019614 0.283245 0.029920 0.428191
4 0.034574 0.300089 0.018617 0.382092
4 0.058843 0.351950 0.008644 0.257092
4 0.297872 0.304521 0.098404 0.353723
4 0.242021 0.296099 0.013298 0.356383
11 0.441822 0.414450 0.012633 0.107270
6 0.456068 0.457167 0.011792 0.027468
6 0.495839 0.452080 0.017804 0.039729
6 0.456112 0.458735 0.078023 0.035805
6 0.202935 0.456815 0.022790 0.021914
6 0.169820 0.459422 0.044740 0.027129
6 0.220134 0.456554 0.041584 0.021393