0 0.499335 0.789894 0.998670 0.420212
5 0.941822 0.312943 0.113697 0.533688
5 0.781915 0.261525 0.220745 0.523050
5 0.356383 0.248670 0.090426 0.497340
11 0.403258 0.372784 0.011303 0.238475
8 0.446476 0.385638 0.092420 0.200355
8 0.256649 0.421543 0.077128 0.112589
10 0.043883 0.351064 0.087766 0.271277
10 0.306516 0.434840 0.035904 0.105496
9 0.005319 0.414450 0.010638 0.054078
6 0.530918 0.474291 0.019282 0.026596
6 0.597407 0.472518 0.016622 0.019504
6 0.646941 0.467642 0.017287 0.016844
6 0.667553 0.470745 0.010638 0.021277
6 0.569481 0.472074 0.019282 0.022163