0 0.500000 0.768174 1.000000 0.463652
6 0.021609 0.504211 0.040559 0.066046
6 0.030253 0.481879 0.060506 0.069930
6 0.699173 0.450527 0.124410 0.068804
6 0.769230 0.451620 0.029358 0.068390
6 0.701652 0.457315 0.024315 0.033951
6 0.630822 0.444241 0.020954 0.040596
6 0.604978 0.444845 0.065009 0.042935
11 0.945811 0.263741 0.044548 0.527482
11 0.891622 0.260638 0.045213 0.515957
11 0.139960 0.350621 0.028590 0.268617
11 0.096077 0.353723 0.025931 0.281915
11 0.477394 0.420656 0.011968 0.046986
11 0.683843 0.407801 0.015293 0.122340
11 0.672540 0.390514 0.008644 0.151596
11 0.610705 0.408245 0.012633 0.103723
11 0.337101 0.419770 0.010638 0.077128
11 0.399934 0.400709 0.007314 0.104610
8 0.029588 0.342642 0.059176 0.311170
8 0.901596 0.238918 0.195479 0.477836
8 0.705452 0.348404 0.127660 0.214539
8 0.438165 0.390071 0.067819 0.125887
5 0.506316 0.422429 0.165559 0.068262
5 0.681516 0.251330 0.208777 0.410461
5 0.181848 0.194592 0.188165 0.259752
8 0.211436 0.383422 0.130319 0.176418