0 0.500000 0.826241 1.000000 0.347518
3 0.517287 0.507092 0.208777 0.292553
4 0.089096 0.277039 0.178191 0.554078
4 0.987367 0.294770 0.023936 0.582447
4 0.923537 0.347961 0.033245 0.231383
4 0.888963 0.405142 0.027926 0.085106
4 0.637301 0.321365 0.035239 0.335993
8 0.955785 0.340869 0.041888 0.218972
8 0.520944 0.328457 0.196144 0.316489
8 0.778590 0.417996 0.033245 0.062943
8 0.864694 0.415337 0.027261 0.070035
8 0.810173 0.416667 0.028590 0.062057
5 0.781250 0.408688 0.250000 0.127660
5 0.301197 0.425089 0.261968 0.162234
11 0.299535 0.429965 0.011303 0.065603
8 0.375665 0.421986 0.038564 0.085106