0 0.500000 0.835938 1.000000 0.328124
1 0.751465 0.508464 0.321289 0.305990
3 0.571777 0.447917 0.124023 0.200521
6 0.026855 0.487630 0.038086 0.037760
4 0.003418 0.435547 0.006836 0.173177
4 0.277832 0.309896 0.049805 0.335938
4 0.447754 0.353516 0.032227 0.201823
4 0.644531 0.210938 0.201172 0.414063
7 0.715332 0.191406 0.069336 0.338542
5 0.367188 0.400391 0.148438 0.118490
8 0.134277 0.313802 0.249023 0.335938
8 0.499512 0.349609 0.090820 0.191406
8 0.906250 0.244141 0.173828 0.485677
4 0.792480 0.183594 0.075195 0.356771
8 0.337402 0.395833 0.057617 0.083333