0 0.500000 0.849734 1.000000 0.300532
6 0.196291 0.555846 0.389332 0.287245
6 0.256981 0.562943 0.069814 0.092199
6 0.676781 0.459895 0.103887 0.058932
6 0.597326 0.457679 0.055023 0.054500
6 0.601064 0.471188 0.015957 0.018617
4 0.953457 0.308954 0.093085 0.601950
4 0.840758 0.369238 0.153590 0.266844
4 0.706117 0.391844 0.118351 0.166667
4 0.177527 0.398493 0.081117 0.233156
4 0.087434 0.323582 0.097739 0.439716
4 0.018617 0.326241 0.037234 0.432624
8 0.526928 0.381649 0.093750 0.133865
8 0.434508 0.382535 0.080452 0.126773
8 0.245346 0.402482 0.053191 0.125887
6 0.585584 0.438750 0.056079 0.024057