0 0.500665 0.769504 0.998670 0.460992
6 0.963098 0.512855 0.049867 0.055851
6 0.899269 0.496011 0.033910 0.045213
6 0.420213 0.481826 0.021277 0.032801
6 0.305519 0.491578 0.020612 0.032801
6 0.325465 0.482713 0.021941 0.027482
6 0.150266 0.481826 0.019947 0.018617
6 0.212766 0.481826 0.015957 0.018617
6 0.192819 0.475621 0.013298 0.018617
5 0.063497 0.454344 0.126994 0.078901
11 0.645944 0.281915 0.036569 0.462766
11 0.589428 0.295656 0.037899 0.424645
11 0.276263 0.365691 0.023271 0.250887
11 0.296210 0.363475 0.019282 0.260638
11 0.152926 0.389184 0.018617 0.173759
8 0.526928 0.321809 0.108378 0.368794
8 0.249668 0.386082 0.056516 0.204787