0 0.447984 0.767880 0.895968 0.464239
4 0.947806 0.359486 0.104388 0.718972
4 0.538564 0.272606 0.042553 0.424645
4 0.887301 0.312057 0.020612 0.269504
6 0.050990 0.485546 0.094828 0.099831
6 0.113824 0.474671 0.161979 0.075480
8 0.406250 0.291223 0.235372 0.405142
5 0.149269 0.418440 0.298537 0.168440
5 0.718085 0.382535 0.321809 0.155142
6 0.203145 0.454977 0.076424 0.040400
11 0.240691 0.410018 0.010638 0.105496
8 0.102726 0.412677 0.134973 0.114362
6 0.165258 0.454283 0.043563 0.037278
6 0.119094 0.446481 0.048765 0.025141
0 0.500000 0.860858 1.000000 0.278283