0 0.335938 0.889974 0.671875 0.220052
3 0.832520 0.790365 0.333008 0.419270
3 0.245117 0.524740 0.265625 0.138021
1 0.073242 0.597656 0.146484 0.335938
4 0.893555 0.273438 0.210938 0.546875
4 0.187012 0.280599 0.374023 0.558594
4 0.653809 0.338542 0.041992 0.296875
2 0.740234 0.420573 0.193359 0.320313
8 0.719238 0.251953 0.088867 0.032552
8 0.557129 0.360026 0.168945 0.277344
6 0.534969 0.480781 0.141000 0.059271
6 0.484170 0.486777 0.062809 0.072302
6 0.512010 0.490778 0.026422 0.039732
6 0.415119 0.465970 0.079974 0.041092
6 0.414729 0.483916 0.076853 0.069701