0 0.500332 0.780142 0.999335 0.439716
4 0.252660 0.333333 0.071809 0.319149
5 0.117021 0.413564 0.234042 0.298759
5 0.968418 0.374557 0.063164 0.325355
5 0.922207 0.359929 0.038564 0.271277
5 0.667886 0.239362 0.065824 0.478723
11 0.702128 0.374557 0.010638 0.208333
8 0.748338 0.384752 0.089761 0.182624
8 0.592088 0.413564 0.061835 0.101950
10 0.400931 0.363032 0.111702 0.218972
10 0.627660 0.425532 0.019947 0.095745
9 0.359707 0.433511 0.079787 0.101064
5 0.301862 0.447252 0.039894 0.084220
6 0.831449 0.462766 0.017952 0.028369
6 0.876330 0.461879 0.019947 0.033688