0 0.500997 0.832890 0.998005 0.334220
6 0.118823 0.544469 0.237646 0.251487
6 0.404020 0.520031 0.266428 0.192208
6 0.248214 0.525146 0.054938 0.088004
4 0.182513 0.428635 0.111037 0.208333
4 0.370013 0.412677 0.158910 0.208333
4 0.492021 0.404255 0.081117 0.187943
4 0.089096 0.425975 0.082447 0.213652
8 0.565492 0.416667 0.069814 0.143617
8 0.760971 0.389628 0.076463 0.117908
8 0.849402 0.383865 0.087101 0.127660
6 0.101756 0.462289 0.203511 0.081925
6 0.894018 0.451235 0.058518 0.062419
6 0.965052 0.438231 0.069896 0.059818
6 0.871099 0.437581 0.063394 0.024707