0 0.500000 0.810143 1.000000 0.379714
4 0.098342 0.310793 0.196684 0.621586
4 0.672139 0.293238 0.051691 0.409623
4 0.912061 0.343953 0.034135 0.240572
8 0.526821 0.305592 0.254551 0.403121
8 0.963101 0.343303 0.073797 0.231469
8 0.774057 0.418726 0.054616 0.065020
8 0.732607 0.418726 0.034135 0.072822
5 0.796977 0.407672 0.196034 0.139142
5 0.295189 0.419376 0.214564 0.183355
6 0.323472 0.514954 0.044863 0.052016
6 0.354194 0.505202 0.039987 0.035111
6 0.207412 0.505852 0.025358 0.039012
9 0.249350 0.433030 0.039012 0.109233
9 0.223505 0.419376 0.034135 0.050715