0 0.500000 0.813830 1.000000 0.372340
4 0.066157 0.314716 0.132314 0.620567
4 0.850731 0.266844 0.298537 0.533688
4 0.199801 0.362589 0.085771 0.283688
8 0.143949 0.394504 0.044548 0.234043
8 0.265625 0.346188 0.045878 0.282801
6 0.557346 0.459123 0.040226 0.076436
6 0.636743 0.457483 0.133429 0.074396
6 0.520612 0.474291 0.021277 0.031915
6 0.651596 0.471188 0.021277 0.029255
6 0.214585 0.483921 0.133331 0.083576
6 0.183518 0.492198 0.118010 0.110533
6 0.496862 0.459123 0.124041 0.076436
5 0.585106 0.408688 0.250000 0.147163