0 0.500000 0.928191 1.000000 0.143617
3 0.153258 0.571365 0.306516 0.564716
4 0.151928 0.270833 0.303856 0.541666
8 0.868684 0.257535 0.262632 0.428191
6 0.524623 0.451738 0.082405 0.089432
6 0.581960 0.446596 0.136612 0.071346
6 0.413984 0.455048 0.127169 0.093451
6 0.385322 0.469176 0.020643 0.033280
6 0.576934 0.429516 0.056795 0.034585
6 0.629904 0.429930 0.039392 0.030212
11 0.703790 0.381649 0.011303 0.096631
5 0.558843 0.387855 0.383644 0.164007
4 0.327793 0.270833 0.075798 0.406915
6 0.661411 0.429779 0.075098 0.037711
0 0.652471 0.750975 0.695058 0.498049