0 0.500000 0.812500 1.000000 0.375000
1 0.959961 0.503255 0.080078 0.235677
3 0.409668 0.476563 0.323242 0.250000
6 0.741043 0.473671 0.032868 0.063076
6 0.690752 0.469787 0.129550 0.125530
6 0.617570 0.470429 0.090608 0.098205
6 0.847000 0.467835 0.179046 0.124226
8 0.373535 0.236328 0.270508 0.472656
4 0.198730 0.278646 0.094727 0.557292
4 0.090332 0.268880 0.180664 0.527344
4 0.701172 0.312500 0.093750 0.346354
4 0.827148 0.298177 0.152344 0.351563
4 0.931152 0.382813 0.053711 0.161458
4 0.632324 0.404948 0.069336 0.140625