0 0.500332 0.750443 0.999335 0.499113
5 0.043218 0.436613 0.085106 0.135638
5 0.592088 0.242021 0.121676 0.484042
8 0.713431 0.337323 0.126330 0.277482
11 0.653258 0.325798 0.011303 0.320035
8 0.471410 0.400266 0.077128 0.125000
10 0.212434 0.332004 0.148271 0.289894
10 0.521609 0.410018 0.029920 0.123227
9 0.122008 0.417110 0.108378 0.142730
9 0.181184 0.423316 0.035239 0.135638
6 0.928757 0.438006 0.030386 0.068687
6 0.966973 0.432214 0.066053 0.061104
6 0.875000 0.453457 0.030585 0.034574
6 0.867198 0.437819 0.114109 0.069397