0 0.500000 0.835993 1.000000 0.328014
3 0.058511 0.561613 0.117021 0.215426
2 0.592753 0.409131 0.140293 0.474291
4 0.473737 0.269504 0.483378 0.539007
4 0.115691 0.390957 0.094415 0.210993
5 0.034242 0.447695 0.068484 0.060284
5 0.181184 0.462323 0.039229 0.062943
5 0.224402 0.445922 0.047207 0.140071
9 0.216090 0.453901 0.043883 0.081560
9 0.237699 0.459663 0.016622 0.062943
8 0.921875 0.365691 0.156250 0.249113
6 0.933178 0.488475 0.028590 0.035461
6 0.879211 0.483452 0.030585 0.033097
6 0.787012 0.496158 0.032358 0.037234