0 0.498047 0.850260 0.996094 0.299479
1 0.845703 0.520182 0.306641 0.339844
3 0.657227 0.447266 0.146484 0.212240
8 0.955566 0.177083 0.084961 0.346354
4 0.039551 0.274740 0.079102 0.549479
4 0.336914 0.300781 0.042969 0.359375
4 0.722168 0.220703 0.227539 0.428385
7 0.791992 0.187500 0.074219 0.343750
4 0.866211 0.180339 0.076172 0.347656
4 0.508301 0.350911 0.024414 0.201823
5 0.429688 0.402995 0.146484 0.108073
8 0.401367 0.397135 0.060547 0.083333
8 0.562500 0.351563 0.089844 0.197917
8 0.204102 0.322266 0.242188 0.339844
6 0.088379 0.492839 0.030273 0.042969