0 0.627763 0.799090 0.735371 0.401820
2 0.135241 0.420026 0.232120 0.840052
1 0.313231 0.490897 0.137516 0.152146
6 0.986021 0.556567 0.027958 0.093628
6 0.802341 0.460988 0.255527 0.136541
6 0.925715 0.471391 0.036086 0.053316
6 0.965702 0.462288 0.067295 0.139141
8 0.515117 0.260728 0.266255 0.482445
8 0.020319 0.372562 0.040637 0.214564
4 0.927991 0.360858 0.144018 0.206762
4 0.364922 0.263329 0.061443 0.516255
4 0.280072 0.211313 0.137516 0.409623
7 0.251300 0.226918 0.042913 0.336801
7 0.042100 0.264629 0.049740 0.513654