0 0.500000 0.779255 1.000000 0.441489
4 0.817487 0.274379 0.365026 0.548758
4 0.118684 0.326684 0.076463 0.364362
8 0.191822 0.335993 0.069814 0.319149
8 0.041888 0.357713 0.083776 0.296986
6 0.166888 0.509309 0.035904 0.048759
6 0.090758 0.525709 0.061835 0.062057
6 0.386636 0.483156 0.025931 0.037234
6 0.490027 0.485372 0.030585 0.038121
6 0.466423 0.474734 0.019282 0.031028
6 0.604056 0.474291 0.024601 0.031915
6 0.630984 0.476950 0.017287 0.035461
5 0.527926 0.402482 0.226064 0.152482
8 0.575133 0.414450 0.037234 0.054078