0 0.500488 0.766927 0.999023 0.466146
4 0.122070 0.268229 0.244140 0.536458
4 0.744141 0.258464 0.128906 0.509115
4 0.492188 0.253906 0.132813 0.500000
4 0.424316 0.254557 0.041992 0.496094
4 0.333984 0.414714 0.021484 0.157552
4 0.316406 0.419271 0.013672 0.145833
4 0.287109 0.445313 0.015625 0.085938
8 0.630859 0.418620 0.070313 0.084635
8 0.577148 0.431641 0.042969 0.063802
6 0.614746 0.472005 0.016602 0.027344
6 0.564941 0.473958 0.020508 0.028646
5 0.656250 0.446615 0.060547 0.093750
5 0.897461 0.385417 0.205078 0.270833