3 0.173537 0.612145 0.347074 0.678191
0 0.672207 0.753103 0.648936 0.490248
4 0.173870 0.275266 0.347739 0.550532
4 0.360705 0.234929 0.080452 0.469858
5 0.603059 0.381206 0.402926 0.173759
6 0.410239 0.484486 0.038564 0.043440
6 0.597407 0.476064 0.040559 0.049645
6 0.685838 0.463209 0.035239 0.045213
6 0.430519 0.471125 0.025171 0.035461
8 0.883359 0.299202 0.151026 0.336246
11 0.752755 0.380889 0.010448 0.104483
6 0.614552 0.445162 0.018047 0.012665
6 0.779113 0.486955 0.000475 0.000000
8 0.628324 0.385322 0.114932 0.105750