0 0.307129 0.792318 0.614258 0.415364
3 0.805176 0.690755 0.389648 0.618490
8 0.099121 0.290365 0.198242 0.580729
4 0.221680 0.291016 0.074219 0.582031
4 0.492188 0.248047 0.066406 0.496094
4 0.584961 0.250651 0.128906 0.493490
4 0.931152 0.242839 0.116211 0.480469
5 0.762207 0.420573 0.245117 0.138021
4 0.411133 0.362630 0.060547 0.227865
4 0.379395 0.361979 0.006836 0.234375
6 0.326241 0.458544 0.029258 0.020413
6 0.346091 0.458246 0.010942 0.019149
6 0.355993 0.460751 0.006767 0.009489
6 0.362375 0.458149 0.026505 0.015622