0 0.500000 0.899089 1.000000 0.201822
2 0.104980 0.399740 0.209960 0.799479
8 0.950684 0.254557 0.098632 0.509114
8 0.275879 0.266927 0.200195 0.427083
8 0.873047 0.376302 0.060547 0.088542
3 0.299316 0.471354 0.221680 0.166667
1 0.696289 0.479818 0.164063 0.154948
6 0.571289 0.475260 0.031250 0.036458
6 0.481934 0.489583 0.038086 0.046875
6 0.438965 0.483724 0.030273 0.042969
4 0.553711 0.373698 0.091797 0.208333
4 0.657227 0.377604 0.107422 0.197917
4 0.752441 0.391927 0.083008 0.125000
4 0.485840 0.410807 0.053711 0.121094