0 0.500000 0.859486 1.000000 0.281028
1 0.361370 0.567819 0.299867 0.298759
3 0.587101 0.507092 0.216755 0.131206
2 0.990359 0.412234 0.019282 0.333333
4 0.449468 0.275709 0.481383 0.549645
4 0.985372 0.328014 0.029255 0.313830
4 0.039894 0.395390 0.079787 0.225177
5 0.183843 0.449911 0.080452 0.128546
5 0.106383 0.472961 0.030585 0.055851
9 0.153258 0.468085 0.057846 0.072695
9 0.184176 0.465426 0.025266 0.067376
10 0.191822 0.440603 0.060505 0.099291
8 0.884973 0.331117 0.194149 0.291667
6 0.866662 0.470711 0.140346 0.072762
6 0.807064 0.476593 0.064063 0.084525
6 0.734081 0.472219 0.083853 0.067975