0 0.755984 0.756206 0.488032 0.487588
3 0.255984 0.624113 0.511968 0.751773
4 0.250665 0.285904 0.501330 0.571808
4 0.519282 0.235816 0.091755 0.471631
5 0.773604 0.372340 0.446144 0.209220
6 0.611691 0.456259 0.131625 0.114078
6 0.732607 0.452949 0.114109 0.110059
6 0.803648 0.448428 0.158661 0.085413
6 0.580452 0.471631 0.026596 0.030142
6 0.734043 0.467642 0.026596 0.031028
11 0.920545 0.378546 0.012633 0.099291
8 0.787566 0.395390 0.121676 0.115248
6 0.876951 0.425228 0.100455 0.036411
6 0.791988 0.430848 0.063019 0.038011
6 0.845254 0.427847 0.039012 0.040012