0 0.500332 0.817376 0.999335 0.365248
4 0.045213 0.316489 0.090426 0.632978
4 0.337766 0.264184 0.066489 0.528368
4 0.482380 0.343085 0.031250 0.251773
5 0.197473 0.378546 0.250000 0.436170
5 0.416556 0.405585 0.116356 0.203014
5 0.507979 0.429521 0.031915 0.075355
5 0.975399 0.398050 0.049202 0.189716
5 0.814495 0.260195 0.054521 0.403369
8 0.876995 0.380762 0.086436 0.146277
8 0.755652 0.405142 0.061835 0.093972
9 0.550864 0.425089 0.063165 0.085993
10 0.778923 0.420656 0.023271 0.082447
10 0.583444 0.361702 0.095080 0.193262