0 0.500000 0.814273 1.000000 0.371454
3 0.453790 0.509309 0.134973 0.273936
1 0.802194 0.493794 0.140293 0.140071
6 0.049535 0.544326 0.043218 0.044326
6 0.139628 0.523493 0.039894 0.050532
6 0.243351 0.542110 0.042553 0.054078
6 0.327128 0.515071 0.033245 0.042553
8 0.749335 0.281028 0.273936 0.476950
8 0.338431 0.425975 0.077128 0.094858
8 0.270944 0.419326 0.051197 0.076241
4 0.575133 0.430408 0.073138 0.149823
4 0.910572 0.265514 0.048537 0.531028
4 0.965426 0.246011 0.069148 0.492021
4 0.095745 0.438830 0.148936 0.180851