0 0.437832 0.878989 0.875664 0.242021
3 0.937832 0.843085 0.124335 0.313830
3 0.411569 0.512411 0.247340 0.136525
1 0.158245 0.586436 0.316489 0.341312
2 0.904255 0.410018 0.191489 0.346631
4 0.272274 0.280585 0.521941 0.561170
4 0.820146 0.324468 0.044548 0.319149
4 0.989694 0.121011 0.016622 0.234929
8 0.895612 0.230940 0.095745 0.031028
8 0.724845 0.342642 0.171321 0.286348
6 0.700982 0.465325 0.143249 0.065805
6 0.646617 0.471087 0.059158 0.077329
9 0.012633 0.464982 0.025266 0.073582
10 0.018285 0.455230 0.036569 0.073582
6 0.576743 0.465617 0.082643 0.066388