0 0.500000 0.815603 1.000000 0.368794
4 0.038231 0.316046 0.076462 0.630319
4 0.354721 0.258422 0.068484 0.516844
4 0.411569 0.235816 0.071809 0.471631
4 0.448138 0.234929 0.023936 0.469858
4 0.487699 0.270390 0.016622 0.388298
4 0.494016 0.281472 0.014628 0.348404
4 0.511636 0.299645 0.007314 0.292553
4 0.191489 0.299645 0.261968 0.402482
4 0.671543 0.285018 0.019947 0.335993
4 0.722407 0.284574 0.088431 0.343972
11 0.867021 0.387411 0.018617 0.120567
4 0.963098 0.263741 0.073803 0.527482
6 0.600014 0.431354 0.041785 0.023816
6 0.629434 0.429133 0.017728 0.021167
6 0.648946 0.427741 0.034555 0.020178
6 0.846744 0.429222 0.020618 0.049357
6 0.822015 0.408878 0.048403 0.030824