0 0.500000 0.888741 1.000000 0.222518
3 0.558178 0.507092 0.217420 0.565603
1 0.966755 0.469415 0.066489 0.215426
6 0.219951 0.498784 0.064089 0.154915
6 0.101682 0.503130 0.047967 0.069980
6 0.336436 0.492137 0.038564 0.063598
6 0.351226 0.478452 0.231060 0.124655
8 0.838763 0.257979 0.321144 0.501773
8 0.352726 0.389184 0.080452 0.093972
8 0.274934 0.390514 0.072473 0.089539
4 0.643617 0.395390 0.071809 0.179078
4 0.078790 0.394504 0.157580 0.228723
6 0.099317 0.451235 0.198634 0.078023
6 0.478544 0.438231 0.025358 0.041612
6 0.448309 0.436281 0.035111 0.040312
6 0.445384 0.427828 0.037061 0.020806