0 0.281209 0.778934 0.562418 0.442132
3 0.779746 0.672302 0.440507 0.624187
4 0.936281 0.232770 0.127438 0.460338
4 0.541938 0.345254 0.122887 0.261378
4 0.669701 0.338752 0.136541 0.279584
4 0.824772 0.351756 0.097529 0.172952
4 0.758940 0.336801 0.039987 0.158648
6 0.338589 0.477893 0.231144 0.149545
6 0.515117 0.477894 0.123862 0.146945
6 0.575585 0.462289 0.180429 0.118336
6 0.496586 0.491547 0.038036 0.054616
8 0.099805 0.268531 0.199610 0.537061
6 0.290800 0.502601 0.038036 0.048114
4 0.454161 0.359558 0.060468 0.235371