0 0.500000 0.791667 1.000000 0.416666
5 0.179521 0.286791 0.359042 0.573582
6 0.416588 0.474053 0.108314 0.092674
6 0.459921 0.475588 0.038934 0.064782
6 0.492596 0.462873 0.095925 0.052976
6 0.493553 0.474372 0.023531 0.026434
6 0.805519 0.460106 0.016622 0.021277
6 0.826130 0.459220 0.019282 0.021277
6 0.884641 0.461879 0.017952 0.019504
6 0.737000 0.452010 0.052458 0.025057
6 0.758976 0.451701 0.011303 0.025677
6 0.747927 0.454706 0.012123 0.014348
11 0.409242 0.407358 0.021941 0.183511
11 0.990691 0.327128 0.011968 0.299645
11 0.968085 0.330230 0.023936 0.282801
11 0.802194 0.375887 0.011303 0.166667
11 0.722739 0.390514 0.011968 0.126773
11 0.508311 0.410904 0.008644 0.073582
11 0.591755 0.433067 0.006649 0.038121
8 0.938830 0.350177 0.049202 0.241135
8 0.781582 0.384309 0.027261 0.156915
8 0.554854 0.407801 0.047207 0.097518
8 0.456117 0.416667 0.023936 0.104610
8 0.473072 0.422872 0.012633 0.086879
5 0.627992 0.433511 0.156250 0.051418
5 0.765293 0.307624 0.131649 0.303191
6 0.682419 0.443507 0.024150 0.013004
6 0.368932 0.469824 0.014862 0.030962