0 0.500000 0.855940 1.000000 0.288120
3 0.478723 0.523493 0.309840 0.375000
4 0.981715 0.291667 0.036569 0.583333
4 0.919548 0.241578 0.101064 0.483156
4 0.529588 0.308067 0.039229 0.364362
4 0.800199 0.344415 0.037899 0.236702
4 0.007314 0.475177 0.014628 0.200355
8 0.845745 0.342199 0.061170 0.237589
8 0.690492 0.416223 0.036569 0.062943
8 0.746676 0.414007 0.019947 0.060284
8 0.653923 0.417996 0.033910 0.062943
8 0.406915 0.321809 0.216755 0.354610
8 0.245678 0.422872 0.039229 0.088652
6 0.180186 0.511082 0.038564 0.039894
6 0.232713 0.499557 0.033245 0.034574
6 0.099402 0.502660 0.032580 0.033688
5 0.671210 0.413121 0.244016 0.129433
5 0.154255 0.422429 0.304521 0.174645
11 0.158245 0.425975 0.011968 0.062943