0 0.500332 0.776152 0.998005 0.442376
4 0.072806 0.264184 0.145612 0.528368
4 0.929189 0.277926 0.141622 0.555851
4 0.643285 0.292996 0.111037 0.375000
4 0.762301 0.300975 0.129654 0.335993
6 0.807158 0.445798 0.095698 0.085354
6 0.832933 0.456941 0.042196 0.040019
4 0.500000 0.262855 0.176862 0.421099
4 0.250665 0.360372 0.027926 0.245567
4 0.292221 0.332890 0.061835 0.242021
8 0.187500 0.359486 0.097074 0.250887
3 0.281915 0.457447 0.083777 0.078014
3 0.451463 0.453014 0.067819 0.039007
2 0.525931 0.423316 0.057181 0.109043
5 0.367021 0.427748 0.103723 0.073582
4 0.285239 0.329787 0.053191 0.223404