0 0.500000 0.845904 1.000000 0.308192
1 0.365897 0.547464 0.283810 0.291287
3 0.913849 0.485696 0.172302 0.136541
8 0.831925 0.260728 0.336150 0.521456
8 0.325423 0.395319 0.074122 0.085826
8 0.400033 0.385566 0.075098 0.068921
4 0.625813 0.405722 0.070221 0.161248
4 0.059655 0.366710 0.114109 0.288687
4 0.171326 0.356307 0.103381 0.291287
6 0.090540 0.499350 0.181079 0.137841
6 0.191320 0.501300 0.061443 0.141742
6 0.113784 0.509103 0.046814 0.063719
6 0.540475 0.453186 0.067295 0.053316
6 0.256177 0.455137 0.103381 0.059818