0 0.500000 0.838652 1.000000 0.322695
2 0.102394 0.410461 0.194149 0.528369
3 0.759641 0.534574 0.168218 0.232270
1 0.291556 0.490691 0.120346 0.123227
7 0.304189 0.271720 0.065824 0.328901
6 0.875332 0.506649 0.052527 0.046986
6 0.898604 0.488475 0.051197 0.044326
6 0.659574 0.502660 0.042553 0.051418
8 0.531582 0.291667 0.225399 0.430851
4 0.009309 0.384752 0.018617 0.212766
4 0.230053 0.249557 0.212766 0.495567
4 0.356051 0.257979 0.043218 0.507092
4 0.399934 0.266844 0.051197 0.508865
4 0.961436 0.394947 0.077128 0.187057