0 0.500000 0.826241 1.000000 0.347518
3 0.614362 0.494681 0.227394 0.315603
4 0.128324 0.275266 0.256648 0.550532
4 0.722407 0.298316 0.035239 0.357270
4 0.483045 0.404699 0.033910 0.096631
8 0.600731 0.308067 0.205452 0.328901
8 0.865359 0.404699 0.035239 0.061170
8 0.900266 0.398936 0.034574 0.063830
8 0.961436 0.400266 0.027926 0.068262
5 0.873005 0.393174 0.253989 0.130319
5 0.365359 0.408245 0.230718 0.162234
11 0.377327 0.413121 0.009973 0.051418
6 0.390957 0.485816 0.035904 0.035461
6 0.435838 0.474734 0.027261 0.031028
6 0.326795 0.477837 0.033910 0.023050
6 0.404920 0.455674 0.015957 0.010638