0 0.685838 0.770833 0.628324 0.458333
3 0.184508 0.625443 0.369016 0.713652
4 0.189827 0.275266 0.379654 0.550532
8 0.925864 0.249557 0.148271 0.451241
5 0.643949 0.381206 0.410239 0.168440
6 0.659335 0.446419 0.158723 0.078794
6 0.603904 0.457087 0.092723 0.100130
6 0.491537 0.454191 0.132010 0.096938
6 0.458444 0.472074 0.027261 0.038121
6 0.603723 0.465426 0.025266 0.035461
4 0.400266 0.271277 0.066489 0.406028
6 0.662386 0.426708 0.061443 0.041973
6 0.718164 0.429989 0.038408 0.040732
11 0.786902 0.383422 0.011303 0.103723
8 0.657912 0.390514 0.120346 0.109043
6 0.752113 0.427828 0.071196 0.041612