0 0.826463 0.758865 0.347074 0.475177
3 0.323803 0.763741 0.647606 0.472518
4 0.038231 0.351950 0.076462 0.703900
4 0.452128 0.296986 0.079787 0.439716
6 0.203999 0.522107 0.121912 0.149545
6 0.369490 0.500765 0.205170 0.117264
6 0.259140 0.508953 0.040887 0.053016
6 0.206449 0.538121 0.045878 0.054965
6 0.796854 0.457116 0.174823 0.110590
6 0.859598 0.460662 0.064940 0.117683
6 0.827723 0.475588 0.025406 0.043504
8 0.526596 0.337323 0.082447 0.327128
8 0.341423 0.350177 0.157580 0.315603
6 0.945546 0.440182 0.108908 0.076723