0 0.389648 0.859375 0.779296 0.281250
3 0.890625 0.830729 0.218750 0.338542
3 0.583984 0.511719 0.244141 0.122396
1 0.309570 0.567708 0.291016 0.296875
4 0.480957 0.267578 0.481445 0.535156
4 0.114746 0.397135 0.098633 0.216146
5 0.181641 0.470052 0.041016 0.065104
5 0.033691 0.471354 0.067382 0.093750
5 0.222168 0.455729 0.032227 0.132813
6 0.854639 0.479959 0.050487 0.076540
6 0.911010 0.477886 0.152589 0.067665
6 0.875488 0.481771 0.036133 0.041667
6 0.767593 0.474564 0.098096 0.070609
8 0.919434 0.340495 0.159180 0.311198