0 0.500000 0.781915 1.000000 0.436170
6 0.019614 0.528369 0.039228 0.067376
6 0.036237 0.510195 0.036569 0.050532
6 0.136303 0.480053 0.027926 0.032801
6 0.082447 0.475177 0.029255 0.028369
6 0.126995 0.467199 0.022606 0.024823
6 0.845745 0.477394 0.038564 0.043440
6 0.552859 0.456117 0.019282 0.023936
6 0.484375 0.453457 0.019282 0.020390
6 0.467088 0.459220 0.015293 0.023050
6 0.355718 0.451241 0.013298 0.017730
6 0.402926 0.450355 0.011968 0.015957
6 0.386968 0.447695 0.010638 0.015957
11 0.694481 0.310284 0.019282 0.340426
11 0.660904 0.317819 0.022606 0.318262
11 0.464096 0.356826 0.014628 0.204787
11 0.452128 0.360816 0.017287 0.195035
11 0.359043 0.378546 0.011968 0.147163
11 0.098404 0.401596 0.013298 0.101064
11 0.205120 0.421543 0.007314 0.048759
8 0.431516 0.372784 0.035904 0.165780
8 0.624003 0.337323 0.069814 0.273936
8 0.167886 0.393617 0.071144 0.120567
8 0.051862 0.402039 0.018617 0.126773
8 0.021609 0.392287 0.043218 0.144504
8 0.296210 0.419770 0.047207 0.041667
5 0.246676 0.427305 0.180851 0.058511
5 0.402593 0.285018 0.144282 0.339539