0 0.190430 0.867188 0.380859 0.265624
3 0.692383 0.702474 0.615234 0.595052
3 0.252930 0.527995 0.251953 0.131510
4 0.200195 0.285807 0.400390 0.571614
4 0.906738 0.274089 0.186523 0.545573
4 0.700195 0.234375 0.039063 0.072917
1 0.049316 0.586589 0.098632 0.295573
2 0.736328 0.428385 0.201172 0.322917
6 0.535645 0.505208 0.028320 0.033854
6 0.625000 0.498698 0.033203 0.036458
6 0.546875 0.493490 0.025391 0.031250
6 0.413574 0.502604 0.028320 0.036458
8 0.597656 0.363281 0.177734 0.281250
8 0.769531 0.250000 0.103516 0.033854