0 0.500000 0.776152 1.000000 0.447695
6 0.111037 0.526596 0.054521 0.056738
6 0.809176 0.480940 0.030585 0.039894
6 0.984375 0.484043 0.031250 0.042553
6 0.195479 0.490691 0.023936 0.027482
6 0.143949 0.486259 0.024601 0.027482
6 0.568152 0.469858 0.016622 0.019504
6 0.507314 0.464982 0.015957 0.020390
6 0.490691 0.470745 0.013298 0.019504
11 0.690824 0.338209 0.021277 0.300532
11 0.661569 0.340426 0.023936 0.283688
11 0.037899 0.406915 0.027926 0.237589
11 0.490027 0.374557 0.013298 0.178191
11 0.480386 0.378989 0.017952 0.183511
11 0.392620 0.397163 0.012633 0.145390
11 0.247340 0.436613 0.005319 0.046986
11 0.145279 0.418440 0.012633 0.101064
8 0.625997 0.356826 0.055186 0.242021
8 0.495346 0.386525 0.111702 0.163121
8 0.207114 0.406472 0.056516 0.110816
8 0.333444 0.434397 0.045878 0.040780
8 0.037234 0.399379 0.053191 0.098404
5 0.288231 0.436170 0.170878 0.058511
8 0.095412 0.398493 0.037899 0.096631