0 0.500000 0.786348 1.000000 0.427304
3 0.944149 0.487145 0.111702 0.169326
3 0.443484 0.466312 0.159574 0.136525
4 0.191157 0.274379 0.382314 0.548758
4 0.900931 0.273493 0.058511 0.428191
4 0.791556 0.235816 0.162899 0.471631
4 0.494016 0.344415 0.035904 0.247340
8 0.430519 0.343085 0.107048 0.232270
8 0.962101 0.258422 0.075798 0.328901
8 0.673537 0.367908 0.078457 0.166667
7 0.851729 0.290337 0.047872 0.360816
1 0.766955 0.453014 0.091090 0.108156
2 0.588763 0.412677 0.119016 0.289894
5 0.524934 0.420213 0.028590 0.070922