0 0.500977 0.811198 0.998046 0.377604
4 0.863770 0.317708 0.272460 0.635416
4 0.425293 0.295573 0.061523 0.419271
4 0.323242 0.272786 0.181641 0.415365
4 0.009277 0.348307 0.018554 0.313802
4 0.144531 0.392578 0.037109 0.183594
5 0.069824 0.433594 0.139648 0.096354
8 0.197266 0.395833 0.097656 0.164063
8 0.559082 0.311198 0.227539 0.361979
8 0.037598 0.439453 0.059570 0.084635
6 0.664403 0.471078 0.125681 0.091700
6 0.692383 0.483073 0.031250 0.041667
1 0.367188 0.489583 0.121094 0.135417
3 0.277344 0.471354 0.068359 0.111979
7 0.377441 0.292969 0.047852 0.283854