0 0.687168 0.769060 0.625664 0.461879
3 0.186835 0.630319 0.373670 0.732270
4 0.188830 0.271720 0.377660 0.543440
8 0.921543 0.245124 0.155585 0.453014
8 0.658910 0.382979 0.119681 0.115248
6 0.487415 0.453777 0.134403 0.101312
6 0.603749 0.454870 0.094365 0.100898
6 0.673322 0.449906 0.132080 0.075365
6 0.605386 0.465426 0.029920 0.042553
6 0.460106 0.471188 0.027926 0.034574
5 0.641290 0.382535 0.410239 0.158688
4 0.395612 0.269060 0.077128 0.431738
11 0.785904 0.378103 0.007979 0.101950
6 0.743823 0.425878 0.081925 0.035111
6 0.715081 0.429000 0.035932 0.032852
6 0.661440 0.428316 0.062111 0.038327