0 0.500000 0.772163 1.000000 0.455674
1 0.102726 0.464096 0.063165 0.054078
3 0.144282 0.468972 0.167553 0.140071
3 0.307846 0.464539 0.106383 0.062057
2 0.463431 0.418883 0.093085 0.153369
4 0.659907 0.251330 0.039229 0.502660
4 0.744348 0.312500 0.149601 0.325355
4 0.324136 0.244238 0.263963 0.483156
4 0.195146 0.354610 0.021941 0.120567
5 0.091423 0.440160 0.182846 0.094858
6 0.575341 0.457945 0.016207 0.020501
6 0.983502 0.456283 0.032995 0.054854
6 0.857713 0.445756 0.026596 0.031582
6 0.884516 0.441323 0.025349 0.028258
8 0.844177 0.377090 0.052717 0.137411