0 0.363770 0.809896 0.721680 0.380208
3 0.863281 0.736328 0.273438 0.527344
8 0.064453 0.300130 0.128906 0.600260
4 0.166992 0.309896 0.107422 0.619792
4 0.348633 0.355469 0.011719 0.234375
4 0.386230 0.359375 0.057617 0.231771
4 0.467773 0.257161 0.060547 0.477865
4 0.565430 0.246745 0.140625 0.493490
4 0.918945 0.245443 0.123047 0.488281
5 0.752441 0.417969 0.233398 0.140625
5 0.990723 0.399089 0.018554 0.149740
6 0.296689 0.461586 0.034074 0.017880
6 0.317397 0.460531 0.008343 0.016437
6 0.324881 0.462705 0.007324 0.012091
6 0.332606 0.460132 0.026258 0.016306