0 0.500000 0.807181 1.000000 0.385638
4 0.027593 0.305408 0.055186 0.610816
4 0.827793 0.251773 0.057181 0.503546
4 0.924867 0.299202 0.150266 0.360816
4 0.455452 0.240691 0.271277 0.477837
4 0.100066 0.308511 0.065824 0.393617
4 0.318484 0.347518 0.021277 0.122340
8 0.054854 0.313387 0.041888 0.383865
5 0.220412 0.428635 0.184176 0.093085
1 0.222739 0.455230 0.066489 0.050532
3 0.264295 0.461879 0.174867 0.145390
3 0.432846 0.458333 0.110372 0.063830
2 0.600066 0.412234 0.100399 0.166667
6 0.712868 0.435631 0.026800 0.057217
6 0.764792 0.431079 0.082900 0.048114
6 0.687744 0.432380 0.073147 0.048114