0 0.500000 0.778369 1.000000 0.443262
4 0.532912 0.281915 0.037899 0.549645
4 0.706449 0.280142 0.327793 0.553191
5 0.931516 0.376330 0.135638 0.339539
4 0.130984 0.269947 0.101064 0.539894
4 0.045545 0.423759 0.085771 0.191489
4 0.201463 0.262855 0.105053 0.479610
4 0.263298 0.267287 0.047872 0.470745
4 0.328457 0.324468 0.014628 0.329787
4 0.342420 0.323138 0.023936 0.321809
4 0.375332 0.355496 0.011303 0.242908
6 0.467348 0.457060 0.039749 0.022052
6 0.494484 0.456403 0.015022 0.021591
6 0.503478 0.449833 0.020006 0.007784