0 0.500000 0.879714 1.000000 0.240572
3 0.886541 0.547464 0.226918 0.423927
1 0.041775 0.499350 0.083550 0.182055
6 0.582412 0.450585 0.248700 0.136541
6 0.793563 0.429779 0.148244 0.105332
6 0.748212 0.450585 0.082900 0.149545
6 0.711639 0.461638 0.046814 0.062418
4 0.731632 0.347854 0.188231 0.235371
4 0.899382 0.337451 0.149220 0.261378
8 0.275683 0.250975 0.306242 0.501950
4 0.099155 0.269831 0.081925 0.534460
4 0.041775 0.264629 0.083550 0.529258
4 0.982770 0.319896 0.029259 0.135241
0 0.389792 0.795189 0.778283 0.409622