0 0.407227 0.856771 0.810547 0.286458
3 0.908203 0.824219 0.183594 0.348958
3 0.609863 0.507813 0.250977 0.125000
1 0.342773 0.566406 0.291016 0.286458
4 0.506836 0.266927 0.472656 0.528646
5 0.047363 0.470703 0.094726 0.092448
5 0.204102 0.468750 0.035156 0.059896
5 0.250488 0.438151 0.047852 0.149740
9 0.243443 0.468285 0.040458 0.058594
4 0.139648 0.397786 0.093750 0.217448
6 0.869896 0.474980 0.060989 0.086500
6 0.946967 0.473550 0.106065 0.068524
6 0.901855 0.480469 0.026367 0.039063
8 0.952148 0.333333 0.095703 0.317708
6 0.792279 0.473465 0.096779 0.083025