0 0.500000 0.828999 1.000000 0.342002
1 0.483908 0.537061 0.242848 0.244473
8 0.890442 0.261378 0.219116 0.522756
8 0.033973 0.288036 0.067945 0.576072
8 0.454161 0.403771 0.070221 0.076723
8 0.522432 0.405072 0.068270 0.081925
4 0.747237 0.416125 0.069246 0.182055
4 0.676528 0.410273 0.081925 0.136541
6 0.154746 0.535761 0.046814 0.059818
6 0.333225 0.538362 0.042913 0.057217
6 0.267880 0.513654 0.037061 0.044213
4 0.131827 0.275683 0.139467 0.475943
4 0.251788 0.283485 0.119961 0.455137
3 0.967978 0.512354 0.064044 0.075423