0 0.499675 0.864759 0.999350 0.265280
4 0.052991 0.363459 0.105982 0.726918
4 0.773895 0.272432 0.452210 0.544863
4 0.306892 0.278934 0.029259 0.451235
4 0.221554 0.296489 0.164824 0.400520
8 0.105494 0.395319 0.034135 0.156047
2 0.147432 0.438882 0.078999 0.206762
1 0.251788 0.475943 0.065345 0.078023
3 0.425390 0.489597 0.102406 0.100130
8 0.422464 0.343953 0.143368 0.287386
4 0.334200 0.337451 0.035111 0.334200
6 0.510728 0.468791 0.074122 0.066320
6 0.538036 0.472692 0.019506 0.045514
7 0.279096 0.343303 0.047789 0.291287