0 0.499023 0.843099 0.998046 0.313802
4 0.927734 0.344401 0.142578 0.680990
4 0.387695 0.268229 0.066406 0.479167
4 0.270020 0.246094 0.184570 0.411458
4 0.084961 0.386068 0.039063 0.201823
5 0.038574 0.437500 0.077148 0.104167
8 0.535645 0.290365 0.250977 0.414063
8 0.139648 0.387370 0.093750 0.194010
1 0.332031 0.503906 0.156250 0.164063
3 0.226563 0.475260 0.089844 0.140625
6 0.802066 0.470433 0.052117 0.111218
6 0.694684 0.482124 0.039760 0.048773
6 0.691220 0.467178 0.189081 0.104707
6 0.835501 0.435631 0.052666 0.052016