0 0.500000 0.799479 1.000000 0.401042
4 0.977539 0.287760 0.044922 0.575520
4 0.226563 0.326172 0.091797 0.329427
4 0.348145 0.329427 0.135742 0.335938
4 0.149902 0.421875 0.061523 0.143229
3 0.048340 0.539714 0.096680 0.110677
1 0.464844 0.503255 0.177734 0.178385
8 0.791992 0.264323 0.326172 0.528646
8 0.521973 0.402344 0.079102 0.096354
8 0.014160 0.264323 0.028320 0.437500
6 0.170898 0.517578 0.044922 0.053385
6 0.113770 0.507161 0.034180 0.042969
6 0.268555 0.494141 0.031250 0.035156
6 0.390137 0.499349 0.012695 0.048177