0 0.500000 0.908854 1.000000 0.182292
1 0.400391 0.600260 0.410156 0.429688
3 0.669922 0.500000 0.212891 0.148438
4 0.490234 0.276042 0.505859 0.549479
4 0.057129 0.373698 0.092773 0.226563
5 0.008301 0.453776 0.016602 0.100260
5 0.201660 0.430339 0.081055 0.147135
5 0.131348 0.445964 0.038086 0.058594
9 0.207682 0.447483 0.024740 0.061632
9 0.169922 0.445747 0.049479 0.066840
10 0.213542 0.423177 0.049479 0.098090
6 0.868599 0.462833 0.074000 0.083014
8 0.926432 0.286892 0.147135 0.282118
6 0.922627 0.459360 0.154746 0.073467
6 0.789174 0.447334 0.092653 0.054616