0 0.195146 0.804521 0.384973 0.390957
3 0.694481 0.617465 0.611037 0.765070
4 0.074136 0.275709 0.148271 0.551418
4 0.442154 0.241135 0.035904 0.069149
3 0.070479 0.533245 0.140957 0.142730
4 0.778923 0.273493 0.442154 0.545213
2 0.508976 0.427305 0.189495 0.310284
8 0.340093 0.359043 0.172207 0.280142
8 0.501995 0.256206 0.082447 0.035461
6 0.298636 0.491547 0.026400 0.036409
6 0.326670 0.479843 0.131234 0.059817
6 0.268446 0.489359 0.065501 0.076247
5 0.197806 0.426418 0.103059 0.120567
6 0.189857 0.477243 0.087776 0.054616