0 0.500332 0.821365 0.999335 0.357270
4 0.005984 0.486702 0.011968 0.324468
6 0.186878 0.482885 0.175446 0.133521
6 0.098094 0.486373 0.035282 0.091082
6 0.324920 0.466515 0.112129 0.066971
6 0.321243 0.471687 0.042355 0.051307
6 0.259935 0.482207 0.071885 0.090551
6 0.719592 0.453660 0.099801 0.046581
6 0.698648 0.463040 0.023626 0.024276
6 0.760270 0.456802 0.024674 0.047390
6 0.600593 0.450881 0.057569 0.032635
6 0.624957 0.452000 0.017201 0.033943
6 0.610249 0.456011 0.010392 0.020601
8 0.825798 0.352394 0.059840 0.254433
8 0.649934 0.384309 0.036569 0.158688
5 0.479721 0.434840 0.160239 0.054078
11 0.896609 0.324025 0.017952 0.335993
11 0.584441 0.393174 0.011968 0.140957
11 0.680519 0.370124 0.013963 0.194149
11 0.863032 0.329787 0.021277 0.312057
11 0.212766 0.436613 0.019947 0.151596
11 0.277926 0.414450 0.017287 0.130319
11 0.355053 0.413564 0.010638 0.093085
8 0.234043 0.393174 0.022606 0.094858
8 0.286237 0.414450 0.036569 0.100177
6 0.050390 0.444083 0.097529 0.071521
6 0.784891 0.444742 0.026692 0.027377