0 0.498338 0.762411 0.996676 0.475177
4 0.960439 0.262855 0.072473 0.523936
5 0.737367 0.386082 0.368351 0.277482
5 0.358045 0.247340 0.065824 0.468085
5 0.689162 0.371011 0.142952 0.224291
8 0.434840 0.387855 0.086436 0.171099
8 0.890957 0.391844 0.057181 0.118794
11 0.392620 0.382535 0.009973 0.197695
6 0.511968 0.468085 0.018617 0.021277
6 0.890957 0.464539 0.023936 0.023050
8 0.293883 0.420656 0.058511 0.103723
10 0.323803 0.426418 0.021277 0.099291
10 0.084774 0.357713 0.124335 0.236702
9 0.038896 0.435284 0.077792 0.109929