0 0.500000 0.897606 1.000000 0.204787
3 0.783245 0.586436 0.271277 0.412234
1 0.085106 0.503103 0.164894 0.156915
8 0.375000 0.264184 0.273936 0.494681
4 0.214428 0.267730 0.077793 0.531915
4 0.171875 0.251773 0.064495 0.503546
4 0.072141 0.250887 0.142952 0.501773
4 0.849734 0.306294 0.103723 0.282801
4 0.949801 0.249113 0.088431 0.468085
4 0.778258 0.365248 0.040559 0.099291
7 0.109375 0.273050 0.089761 0.446809
6 0.535572 0.503989 0.045878 0.059397
6 0.584774 0.488032 0.037899 0.045213
6 0.946476 0.485372 0.035239 0.070035
6 0.899269 0.509752 0.051197 0.074468