0 0.500000 0.800089 1.000000 0.399822
3 0.978391 0.499113 0.043218 0.196809
3 0.399601 0.472074 0.179521 0.146277
2 0.576795 0.411791 0.125665 0.327128
1 0.753324 0.461879 0.097074 0.109929
7 0.812832 0.289007 0.057846 0.372340
8 0.949136 0.270390 0.101728 0.432624
8 0.374003 0.347961 0.109707 0.243794
8 0.645612 0.371011 0.033245 0.174645
4 0.162899 0.277039 0.325798 0.554078
4 0.873005 0.264184 0.058511 0.462766
4 0.757979 0.240248 0.186170 0.475177
4 0.440160 0.343085 0.033245 0.255319
5 0.488364 0.420656 0.061835 0.098404