0 0.500977 0.943359 0.998046 0.113281
1 0.842773 0.618490 0.314453 0.528646
3 0.548340 0.502604 0.319336 0.257813
4 0.052734 0.341797 0.064453 0.378906
4 0.674805 0.273438 0.083984 0.539063
4 0.619629 0.250651 0.069336 0.493490
4 0.474609 0.266276 0.224609 0.524740
4 0.252930 0.391927 0.021484 0.208333
8 0.016602 0.350911 0.033203 0.350260
8 0.316406 0.388021 0.109375 0.205729
8 0.852051 0.266276 0.295898 0.524740
7 0.555664 0.262370 0.080078 0.446615
8 0.132324 0.437500 0.075195 0.091146
5 0.162109 0.447266 0.167969 0.123698