0 0.469238 0.872396 0.938476 0.255208
1 0.968262 0.770182 0.063476 0.459635
3 0.651367 0.508464 0.378906 0.300781
8 0.895020 0.278646 0.209960 0.531250
8 0.373047 0.386719 0.119141 0.205729
8 0.044922 0.339193 0.089844 0.360677
8 0.192871 0.435547 0.077148 0.092448
5 0.215332 0.438802 0.166992 0.122396
4 0.536621 0.247396 0.227539 0.484375
4 0.105957 0.326823 0.049805 0.395833
4 0.761230 0.264323 0.069336 0.520833
4 0.692871 0.250000 0.077148 0.486979
7 0.621582 0.244792 0.077148 0.445313
4 0.304199 0.388021 0.034180 0.210938